20240206131358
20240206190130
20240207000204
20240207003317
20240208003639
20240208013648
20240208110959
20240208173700
20240209231135
20240210170512
20240210203913
20240210220726
20240211063014
20240212111309
20240212114658
20240212114819
20240212115350
20240212115529
20240212120308
20240212121429
20240212121452
20240212122321
20240212122335
20240212130352
20240212130532
20240212130543
20240212131104
20240212131335
20240212131555
20240212131632
20240212131731
20240212132423
20240212132719
20240212133241
20240212133348
20240212134338
20240212134844
20240212135607
20240212142045
20240212142926
20240212144109
20240212145355
20240212145639
20240212150744
20240212152336
20240212162605
20240212162805
20240212163517
20240212172559
20240212173152
20240212181346
20240212195537
20240212200925
20240212201125
20240212201153
20240212201607
20240212201728
20240212201844
20240212222212
20240212235220
20240213015239
20240213015350
20240213020119
20240213020541
20240213023117
20240213052801
20240213083010
20240213090250
20240213120714
20240213122501
20240213165219
20240213170950
20240213185232
20240213202440
20240213202644
20240213202820
20240213203813
20240213204910
20240213213136
20240213214214
20240213220302
20240213220321
20240213234341
20240213235846
20240214023738
20240214043616
20240215072834
20240215085638
20240216004858
20240216010653
20240216011016
20240216011054
20240216011155
20240216011353
20240216011613
20240216011628
20240216011936
20240216012321
20240216012904
20240216013102
20240216013820
20240216013923
20240216014342
20240216014651
20240216014822
20240216015356
20240216015455
20240216015708
20240216020315
20240216021239
20240216021743
20240216023437
20240216023530
20240216025323
20240216031543
20240216031823
20240216032300
20240216033207
20240216033602
20240216040613
20240216041156
20240216075017
20240216081230
20240216081407
20240216104513
20240216124012
20240216144234
20240216211720
20240216212134
20240216212941
20240217024205
20240217025903
20240217032502
20240217073225
20240217103130
20240217105739
20240217110004
20240217124712
20240217135817
20240217205931
20240217224641
20240218010939
20240218015605
20240218045240
20240218145540
20240218182953
20240218183341
20240218224941
20240219074557
20240219075215
20240219075339
20240219093852
20240219125631
20240219165338
20240220004335
20240220060626
20240220170308
20240220172317
20240220174016
20240220202631
20240221151117
20240221180345
20240221183203
20240221223441
20240221224144
20240222014135
20240222035756
20240222051828
20240222060220
20240222063423
20240222112741
20240222165349
20240222165607
20240222184544
20240222233721
20240222235951
20240223000053
20240223000617
20240223005333
20240223012446
20240223025449
20240223030002
20240223032415
20240223040200
20240223040337
20240223040504
20240223041742
20240223062119
20240223064734
20240223121432
20240223144344
20240223151049
20240223170419
20240223171126
20240223191259
20240223213545
20240223234834
20240224202502
20240224213221
20240224213451
20240225013020
20240225040749
20240225052928
20240225053221
20240225134352
20240225134930
20240225140829
20240225140848
20240225162545
20240225165634
20240225185800
20240226015101
20240226055058
20240226090312
20240226094613
20240226102125
20240227002440
20240227021309
20240227031205
20240227085816
20240227100548
20240227101334
20240227115211
20240227130953
20240227131603
20240227133100
20240227134833
20240227140413
20240227153234
20240227162901
20240227165830
20240227173142
20240227184256
20240227195233
20240227195734
20240227201050
20240227202154
20240227212419
20240227214539
20240227215129
20240227222918
20240227224105
20240227225150
20240227231137
20240227233321
20240227235310
20240228001520
20240228014007
20240228014702
20240228024320
20240228032557
20240228035300
20240228041219
20240228041415
20240228042526
20240228042741
20240228043042
20240228051603
20240228062626
20240228083945
20240228151853
20240228155938
20240228160239
20240228174930
20240228215110
20240229141922
20240229142139
20240301030545
20240301120503
20240301120519
20240301133902
20240301145452
20240301153117
20240301160320
20240301160745
20240301163041
20240301165203
20240301181344
20240301202456
20240301205922
20240301221708
20240302004111
20240302010126
20240302014535
20240302015246
20240302030253
20240302030353
20240302052728
20240302061651
20240302064141
20240302092331
20240302103043
20240302140953
20240302141047
20240302141143
20240302174133
20240302202655
20240302232937
20240302233034
20240303000052
20240303004943
20240303033855
20240303054258
20240303104856
20240303105223
20240303113335
20240303133234
20240304014920
20240304021047
20240304021230
20240304111858
20240304140401
20240304183855
20240304185003
20240304213824
20240305025653
20240305192304
20240306002541
20240306013504
20240306022116
20240306093732
20240306104356
20240306155213
20240306230605
20240307023937
20240307080725
20240307181555
20240308052008
20240308213729
20240308220300
20240308224802
20240308233926
20240309001350
20240309104654
20240309130147
20240309182549
20240309211048
20240310020845
20240310031322
20240310201949
20240310235656
20240311003214
20240311004544
20240311111742
20240311111904
20240311201911
20240311224954
20240311225843
20240313060618
20240313085353
20240313170306
20240313235041
20240313235914
20240314002422
20240314003643
20240314022522
20240314030036
20240314061327
20240314063431
20240314123616
20240315083243
20240315140846
20240315211303
20240316060251
20240316071554
20240316182146
20240316182846
20240316232404
20240316235917
20240317000925
20240317090434
20240317131412
20240317202316
20240317204426
20240318035040
20240318060337
20240318080524
20240318080532
20240318080542
20240318080617
20240318081223
20240318081632
20240318100230
20240318105826
20240318110152
20240318112634
20240318182938
20240318192719
20240318194445
20240319003414
20240319122406
20240319183640
20240319231644
20240320062101
20240320062644
20240320063308
20240320092134
20240320122043
20240320134738
20240320140337
20240320234055
20240320235803
20240321002355
20240321012153
20240321091913
20240321154607
20240321235106
20240322010212
20240322012450
20240322024515
20240322060113
20240322082533
20240322091104
20240322094200
20240322163012
20240323003953
20240323032815
20240323102628
20240323111113
20240323231623
20240324024640
20240324024724
20240324034915
20240324040022
20240324050445
20240324163959
20240324201054
20240325172238
20240326055107
20240326074914
20240326094657
20240326185316
20240327072135
20240327072918
20240327074744
20240327150830
20240328010646
20240328100001
20240328134608
20240329053312
20240329225117
20240330013707
20240330141856
20240331003029
20240331024257
20240331093313
20240331140512
20240331162805
20240331204043
20240331220617
20240331231615
20240401034623
20240401052939
20240401142459
20240401194710
20240403020322
20240403131435
20240403131556
20240403161447
20240403190706
20240403235746
20240404070623
20240404075419
20240404100738
20240404110217
20240405163842
20240405171834
20240405210457
20240406011708
20240406081208
20240406234111
20240407042247
20240407052544
20240407053011
20240407053936
20240407055958
20240407090323
20240408061112
20240408183716
20240408185218
20240408201026
20240408233409
20240409022202
20240409053334
20240409065236
20240409102210
20240409122417
20240409150106
20240410005035
20240410055636
20240410081110
20240410141912
20240410162431
20240410215652
20240410215722
20240410225953
20240411004710
20240411025454
20240411054707
20240411132917
20240411135627
20240412021548
20240413033115
20240413033238
20240413124520
20240413152351
20240413175106
20240414235551
20240415010732
20240415125941
20240415222214
20240416014615
20240416042510
20240416122152
20240416231223
20240416234435
20240416234949
20240417004218
20240417040521
20240417040543
20240417040943
20240417041314
20240417042747
20240417075200
20240417084519
20240417235353
20240418060535
20240418065041
20240418065106
20240418072213
20240420032751
20240420040558
20240420042647
20240421011834
20240421080028
20240421081747
20240421112945
20240421155822
20240422005719
20240422014731
20240422044503
20240422085443
20240422203500
20240422205607
20240422210005
20240423030124
20240423043948
20240424001637
20240424090853
20240424181740
20240425224845
20240425231313
20240425231528
20240426000043
20240426020803
20240426062706
20240426103526
20240426115847
20240426235956
20240427013023
20240427034635
20240427063825
20240428081427
20240428150757
20240429025554
20240429051502
20240429054757
20240429085411
20240429190353
20240430142013
20240430161703
20240430171734
20240501035451
20240501093015
20240501220024
20240501225122
20240502032629
20240502165051
20240502171423
20240502202240
20240502220550
20240502223455
20240502224431
20240503041908
20240503215837
20240503234841
20240504032526
20240504035851
20240504173441
20240505165734
20240505184537
20240505184811
20240506055726
20240506062627
20240506154519
20240507020800
20240507160931
20240507220058
20240508101004
20240508225036
20240509084912
20240509205523
20240510032853
20240510074637
20240511210357
20240512161349
20240513012259
20240513023515
20240513043002
20240513045722
20240513093857
20240513110007
20240514035425
20240514044707
20240514112739
20240514171752
20240514205834
20240514215135
20240515025522
20240515051755
20240515145221
20240516220354
20240516230042
20240517093524
20240517122923
20240517182841
20240518085221
20240518202928
20240518221212
20240519025829
20240519190830
20240519191724
20240519194542
20240519223454
20240520021058
20240520171615
20240521160413
20240522013304
20240522034109
20240522151231
20240523044251
20240523184600
20240523201155
20240524060041
20240524074001
20240524074019
20240524074340
20240524101858
20240524103231
20240524111258
20240524122555
20240525000216
20240525000340
20240525005153
20240525083235
20240525160959
20240525184119
20240526113838
20240526135812
20240526213818
20240527022324
20240527024534
20240527221100
20240528120104
20240528124058
20240528184236
20240529031826
20240529233030
20240530060635
20240530134549
20240531041059
20240531063209
20240531171134
20240531183404
20240601052948
20240602035951
20240602075507
20240602095213
20240602135729
20240602170302
20240602175914
20240602181057
20240602210646
20240603023656
20240603104447
20240603123155
20240603205051
20240604022536
20240604053828
20240604115002
20240604115514
20240604120030
20240604120506
20240604132326
20240604191140
20240605011025
20240605224809
20240606001311
20240606173151
20240606215446
20240607034518
20240607094134
20240608013000
20240608225135
20240608230641
20240609052736
20240609053729
20240609053814
20240609060245
20240609231213
20240609233614
20240610031842
20240610053223
20240610225645
20240611090107
20240611092602
20240611141249
20240612071909
20240612074831
20240612161305
20240612164200
20240612215457
20240613082713
20240613110610
20240614025941
20240614095222
20240614114410
20240614160359
20240615000926
20240615064631
20240615110400
20240615232432
20240616050139
20240616071718
20240616133736
20240617013524
20240617022500
20240617141858
20240617141950
20240617150742
20240618001533
20240618005949
20240618021906
20240618060028
20240618115204
20240618185944
20240620044706
20240621213613
20240621234857
20240623102509
20240623165740
20240623180629
20240623195333
20240623220453
20240623224305
20240624001224
20240624004534
20240624190528
20240625113258
20240625232920
20240626004217
20240626024023
20240627080329
20240628021537
20240628092206
20240628092611
20240629025558
20240629055802
20240629163441
20240629202223
20240630114420
20240630114649
20240702182758
20240703122213
20240703161614
20240703232928
20240703232952
20240703234010
20240703235601
20240704055610
20240704194819
20240704233802
20240705215458
20240706193702
20240707043541
20240707045729
20240707134225
20240707142321
20240709081835
20240710023156
20240710232313
20240711000817
20240711032157
20240711225002
20240712011917
20240712071134
20240713125653
20240713145215
20240713220254
20240715070645
20240716055403
20240716144213
20240716211605
20240717184827
20240718063157
20240718063846
20240718154152
20240718172919
20240718190154
20240718232745
20240719192608
20240720003628
20240720231103
20240721060846
20240723072151
20240724000248
20240725015155
20240725054435
20240725213319
20240726035647
20240726045246
20240726083841
20240726094514
20240727131418
20240728065526
20240728162342
20240728163247
20240728174520
20240728222041
20240729000355
20240730091040
20240730123409
20240730151947
20240730155111
20240730171823
20240730223221
20240731010221
20240731101311
20240731212344
20240801093552
20240801171436
20240802132139
20240802141244
20240802190144
20240802230227
20240803020534
20240803034552
20240803225113
20240804014341
20240804044829
20240804131056
20240804131655
20240804213407
20240804213433
20240804224207
20240804224538
20240804224816
20240804224945
20240804230350
20240804231723
20240804234058
20240805025232
20240805025655
20240805101835
20240805150455
20240805153107
20240805174258
20240805215133
20240805235427
20240806005958
20240806021801
20240806040258
20240806043524
20240806100053
20240806110501
20240806202809
20240807034608
20240807042637
20240807051406
20240807095259
20240807205130
20240807232336
20240808041558
20240808041625
20240808060007
20240808171041
20240809021450
20240809025309
20240809083850
20240809161610
20240811124529
20240811125645
20240811160559
20240811184007
20240812022455
20240812024642
20240812051815
20240812054526
20240812093343
20240812100302
20240813041426
20240814023303
20240814024947
20240814061324
20240814064017
20240814080659
20240814233413
20240815023005
20240815032030
20240815042236
20240815042552
20240815045146
20240815085032
20240815104741
20240815134252
20240817094309
20240818032909
20240818115248
20240818180114
20240818180206
20240819103537
20240820035534
20240822095717
20240822185511
20240823032217
20240823100258
20240824054720
20240825065839
20240826075410
20240826141141
20240826162450
20240827024854
20240827174820
20240828093542
20240829024506
20240830003651
20240830112007
20240830215930
20240830224201
20240830225955
20240831002337
20240831105045
20240901015906
20240901052424
20240901145959
20240902044354
20240902050143
20240902062324
20240902064945
20240902065811
20240902110717
20240903093640
20240903112443
20240903122039
20240904043810
20240904083815
20240904094234
20240904160053
20240905002449
20240905024627
20240905222541
20240905222555
20240906012406
20240906213738
20240907092759
20240907111948
20240908024822
20240908034536
20240908110617
20240909095507
20240909102014
20240910100020
20240911091406
20240912004809
20240912144544
20240913021259
20240913021825
20240913083700
20240913084905
20240913135721
20240914063558
20240914100743
20240915000503
20240915170600
20240915223951
20240916225225
20240917011740
20240918022334
20240918035941
20240918043940
20240918044124
20240918044630
20240918071039
20240918075640
20240918102747
20240919082649
20240919084725
20240919135855
20240920012346
20240920070754
20240920073240
20240921065824
20240921124515
20240921131511
20240921204721
20240921233654
20240924234454
20240925174331
20240926042214
20240926042402
20240926203844
20240926204243
20240927081548
20240927111026
20240928064732
20240928204009
20240928222241
20240929090516
20241001063223
20241002000340
20241002041137
20241002163413
20241003010929
20241003013159
20241004192314
20241005023303
20241005030023
20241005080220
20241005132300
20241005203024
20241007014904
20241007030120
20241007082919
20241007090637
20241008004639
20241008052028
20241008152033
20241008223508
20241009192504
20241010063451
20241010095823
20241013211445
20241013213802
20241014032155
20241014110441
20241014121226
20241014172729
20241014174149
20241014174219
20241014174320
20241014175912
20241015093720
20241015103136
20241015160529
20241016001359
20241016071605
20241018064600
20241018120412
20241018134110
20241019043905
20241020034342
20241020112945
20241021120100
20241021135545
20241021164543
20241021175251
20241021181524
20241021182013
20241022015046
20241023071040
20241023080647
20241023082426
20241023184559
20241023185331
20241023192705
20241023220929
20241023222149
20241024093435
20241024182105
20241024205029
20241025151957
20241028073608
20241028091921
20241028104505
20241028114521
20241028174524
20241029090428
20241029172408
20241029192500
20241030020855
20241030041209
20241030042734
20241030063535
20241030105627
20241030121735
20241030155850
20241030201443
20241031010349
20241101100955
20241101132817
20241102015658
20241102175927
20241102194832
20241102202115
20241103000415
20241104104122
20241105012529
20241105025413
20241105072302
20241105120000
20241105141239
20241105211221
20241106102902
20241106171917
20241107065929
20241107104939
20241107233914
20241108161616
20241109100621
20241110005549
20241111001135
20241111173906
20241111215116
20241112025800
20241112212927
20241113100048
20241113121602
20241113181734
20241113204019
20241114220142
20241115011506
20241115011624
20241115170945
20241116144524
20241116165821
20241116235506
20241117140853
20241117164915
20241118045424
20241118132954
20241118203852
20241118232109
20241119061641
20241119074615
20241119110839
20241119121136
20241119133833
20241119142552
20241119145037
20241119154730
20241119163915
20241119173651
20241119192729
20241120002036
20241120003655
20241120020432
20241120031744
20241120091305
20241121005309
20241122102529
20241122114647
20241122115108
20241122190120
20241123061134
20241123061633
20241123144258
20241123185600
20241124045236
20241124182503
20241125113526
20241125170357
20241125221248
20241126115003
20241126130459
20241126220751
20241127015007
20241127015603
20241127015826
20241127021213
20241127031452
20241127043854
20241127044638
20241128001158
20241129002659
20241129031315
20241129031457
20241129123322
20241129212857
20241130060447
20241130084144
20241130140345
20241130215306
20241130222359
20241201000904
20241201022616
20241201070300
20241201084040
20241201202854
20241201203840
20241201212957
20241202030926
20241202170037
20241202173118
20241202215601
20241203062626
20241203111300
20241204015826
20241204120518
20241205025833
20241205181539
20241205232523
20241206145036
20241206190919
20241207164444
20241207165307
20241207182030
20241208222932
20241209154652
20241210205943
20241211000828
20241211174234
20241211174541
20241212113452
20241212115030
20241212115643
20241212121904
20241212172403
20241212215208
20241214113416
20241214162516
20241216001059
20241216025441
20241216043742
20241216132159
20241216221426
20241218010625
20241218031136
20241218162424
20241219003217
20241219121413
20241219150811
20241219155143
20241219175722
20241219222933
20241219230103
20241220000703
20241220000909
20241220013950
20241220110712
20241221071148
20241221160426
20241221173127
20241221222314
20241222120813
20241222170225
20241223041201
20241223065849
20241223122915
20241224231140
20241225005341
20241225025726
20241225060654
20241225225815
20241226091908
20241229034838
20241229042403
20241229191407
20241230072518
20241230114054
20241231054411
20241231062859
20241231110415
